1) coordinates under the circle

  Curlatitude = 40.192847
  Curlongitude = 44.499548
  radius = 0.5 / 85.39
  
2) coordinated outside of the circle
  
  Curlatitude = 40.193060
  Curlongitude = 44.499008
  radius = 0.5 / 85.39
